http://raw.githubusercontent.com/HalfTheDev/Scratch-OSU/main/GOLDEN.mp3
https://raw.githubusercontent.com/HalfTheDev/MusicPlayer/main/image(1).svg
2.017
4.072
5.983
7.872
9.966
11.824
13.887
15.3
15.85
16.351
16.816
17.287
17.799
18.24
18.719
19.223
19.667
20.167
20.655
21.168
21.768
22.136
22.617
23.119
23.599
24.071
24.567
25.024
25.516
26.024
26.5
26.983
27.44
27.95
28.456
28.967
29.408
29.92
30.402
30.856
31.367
31.84
32.351
32.783
33.287
33.8
34.266
34.733
35.265
35.769
36.256
36.7
37.266
37.733
38.224
38.75
39.208
39.688
40.169
40.64
41.116
41.566
42.055
42.568
43.104
43.536
44.055
44.584
45.008
45.519
46.018
46.504
46.984
49
50.985
52.871
54.782
56.752
58.717
59.749
60.701
61.656
62.623
63.167
63.64
64.136
64.633
65.1
65.567
66.072
66.551
67.049
67.549
68.039
68.52
69.024
69.487
69.983
70.44
70.917
71.4
71.899
72.392
72.903
73.402
73.883
74.385
74.887
75.354
75.807
76.288
76.792
77.25
77.736
78.255
78.717
79.233
79.687
80.199
80.683
81.168
81.656
82.151
82.624
83.088
83.584
84.072
84.583
85.055
85.52
86.016
86.55
87.025
87.533
87.992
88.472
88.984
89.456
89.95
90.456
90.952
91.424
91.933
92.424
92.884
93.417
93.871
95.855
98.087
100.008
102
103.984
106.007
107.919
109.992
111.967
113.888
115.9
117.992
119.969
121.871
123.903
125.917
128.117
128.607
129.12
129.634
130.152
130.591
131.084
131.55
132.056
132.551
133.024
133.503
134.008
134.467
134.97
135.467
135.934
136.423
136.934
137.407
137.919
138.375
138.855
139.352
139.807
140.336
140.791
141.284
141.767
142.256
142.735
143.255
143.752
144.223
144.684
145.208
145.687
146.167
146.655
147.168
147.635
148.134
148.592
149.056
149.583
150.072
150.575
151.039
151.517
152.007
152.487
153.007
153.519
153.976
154.438
154.917
155.407
155.917
156.392
156.901
157.369
157.834
158.334
158.871
159.351
159.791
160.317
160.834
161.271
161.776
162.27
162.77
163.218
163.717
164.223
164.717
165.208
165.687
166.175
166.667
167.167
167.64
168.117
168.607
169.103
169.591
170.087
170.567
171.055
171.534
172.018
172.484
172.984
173.503
173.976
174.455